<?xml version="1.0"?>
<opencv_storage>
<contours type_id="opencv-sequence-tree">
  <sequences>
    <_ type_id="opencv-sequence">
      <level>0</level>
      <flags>"closed curve"</flags>
      <count>5</count>
      <dt>"2i"</dt>
      <rect><x>420</x>
        <y>509</y>
        <width>21</width>
        <height>2</height></rect>
      <color>0</color>
      <data>
        421 509 420 510 440 510 439 510 438 509</data></_>
    <_ type_id="opencv-sequence">
      <level>0</level>
      <flags>"closed curve"</flags>
      <count>38</count>
      <dt>"2i"</dt>
      <rect><x>36</x>
        <y>491</y>
        <width>44</width>
        <height>20</height></rect>
      <color>0</color>
      <data>
        38 491 36 493 36 495 37 496 37 499 38 500 38 501 47 510 79 510
        77 508 76 508 73 505 72 505 71 504 70 504 68 502 67 502 66 501
        65 501 64 500 63 500 62 499 61 499 60 498 59 498 58 497 57 497
        56 496 54 496 53 495 52 495 51 494 50 494 49 493 48 493 47 492
        45 492 44 491</data></_>
    <_ type_id="opencv-sequence">
      <level>0</level>
      <flags>"closed curve"</flags>
      <count>36</count>
      <dt>"2i"</dt>
      <rect><x>123</x>
        <y>470</y>
        <width>43</width>
        <height>37</height></rect>
      <color>0</color>
      <data>
        148 470 147 471 146 471 145 472 144 472 142 474 141 474 126 489
        126 490 125 491 125 492 124 493 124 494 123 495 123 503 126 506
        128 506 129 505 130 505 143 492 144 492 145 491 146 491 148 489
        149 489 151 487 152 487 154 485 155 485 158 482 159 482 165 476
        165 472 164 471 154 471 153 470</data></_>
    <_ type_id="opencv-sequence">
      <level>0</level>
      <flags>"closed curve"</flags>
      <count>18</count>
      <dt>"2i"</dt>
      <rect><x>216</x>
        <y>469</y>
        <width>16</width>
        <height>42</height></rect>
      <color>0</color>
      <data>
        224 469 223 470 222 470 219 473 219 474 218 475 218 477 217 478
        217 481 216 482 216 510 229 510 229 509 230 508 230 481 231 480
        231 472 228 469</data></_>
    <_ type_id="opencv-sequence">
      <level>0</level>
      <flags>"closed curve"</flags>
      <count>40</count>
      <dt>"2i"</dt>
      <rect><x>244</x>
        <y>468</y>
        <width>46</width>
        <height>42</height></rect>
      <color>0</color>
      <data>
        248 468 247 469 246 469 245 470 245 471 244 472 244 475 245 476
        245 477 251 483 252 483 261 492 262 492 271 501 272 501 275 504
        276 504 279 507 280 507 281 508 282 508 283 509 287 509 289 507
        289 506 288 505 288 503 287 502 287 501 286 500 286 499 285 498
        285 497 284 496 284 495 260 471 259 471 257 469 256 469 255 468</data></_>
    <_ type_id="opencv-sequence">
      <level>0</level>
      <flags>"closed curve"</flags>
      <count>48</count>
      <dt>"2i"</dt>
      <rect><x>413</x>
        <y>465</y>
        <width>48</width>
        <height>36</height></rect>
      <color>0</color>
      <data>
        452 465 451 466 449 466 448 467 447 467 446 468 445 468 442 471
        441 471 438 474 437 474 434 477 433 477 430 480 429 480 426 483
        425 483 424 484 423 484 419 488 418 488 413 493 413 496 416 499
        420 499 421 500 429 500 430 499 431 499 435 495 436 495 439 492
        440 492 442 490 443 490 447 486 448 486 451 483 452 483 455 480
        455 479 458 476 458 475 459 474 459 473 460 472 460 469 456 465</data></_>
    <_ type_id="opencv-sequence">
      <level>0</level>
      <flags>"closed curve"</flags>
      <count>85</count>
      <dt>"2i"</dt>
      <rect><x>295</x>
        <y>447</y>
        <width>35</width>
        <height>52</height></rect>
      <color>0</color>
      <data>
        301 447 300 448 298 448 296 450 296 451 295 452 295 454 296 455
        296 456 297 457 297 458 298 459 298 460 300 462 300 463 301 464
        301 465 303 467 303 468 304 469 304 470 305 471 305 472 306 473
        306 474 308 476 308 477 309 478 309 479 310 480 310 481 311 482
        311 483 312 484 312 485 313 486 313 487 314 488 314 489 316 491
        316 492 318 494 318 495 320 497 321 497 322 498 324 498 325 497
        326 497 326 496 327 495 327 492 328 491 328 488 329 487 329 482
        328 481 328 480 327 479 327 478 326 477 326 476 325 475 325 474
        324 473 324 472 322 470 322 469 320 467 320 466 319 465 319 464
        318 463 318 462 317 461 317 460 314 457 314 456 312 454 312 453
        310 451 309 451 306 448 305 448 304 447</data></_>
    <_ type_id="opencv-sequence">
      <level>0</level>
      <flags>"closed curve"</flags>
      <count>35</count>
      <dt>"2i"</dt>
      <rect><x>159</x>
        <y>437</y>
        <width>54</width>
        <height>15</height></rect>
      <color>0</color>
      <data>
        175 437 174 438 170 438 169 439 168 439 167 440 166 440 163 443
        162 443 159 446 159 447 161 449 163 449 164 450 180 450 181 451
        202 451 203 450 208 450 209 449 210 449 212 447 211 446 211 445
        208 442 207 442 206 441 205 441 204 440 203 440 202 439 200 439
        199 438 183 438 182 437</data></_>
    <_ type_id="opencv-sequence">
      <level>0</level>
      <flags>"closed curve"</flags>
      <count>32</count>
      <dt>"2i"</dt>
      <rect><x>1</x>
        <y>437</y>
        <width>38</width>
        <height>18</height></rect>
      <color>0</color>
      <data>
        18 437 17 438 15 438 14 439 4 439 3 440 1 440 1 454 4 454 5 453
        10 453 11 452 15 452 16 451 26 451 27 450 31 450 32 449 34 449
        35 448 36 448 38 446 38 443 36 441 35 441 34 440 32 440 31 439
        30 439 29 438 28 438 27 437</data></_>
    <_ type_id="opencv-sequence">
      <level>0</level>
      <flags>"closed curve"</flags>
      <count>39</count>
      <dt>"2i"</dt>
      <rect><x>495</x>
        <y>435</y>
        <width>16</width>
        <height>42</height></rect>
      <color>0</color>
      <data>
        498 435 495 438 495 440 496 441 496 444 497 445 497 446 498 447
        498 448 499 449 499 451 500 452 500 453 501 454 501 455 502 456
        502 457 503 458 503 459 504 460 504 461 505 462 505 463 506 464
        506 465 507 466 507 468 508 469 508 471 509 472 509 474 510 475
        510 476 510 440 507 437 506 437 505 436 504 436 503 435</data></_>
    <_ type_id="opencv-sequence">
      <level>0</level>
      <flags>"closed curve"</flags>
      <count>87</count>
      <dt>"2i"</dt>
      <rect><x>57</x>
        <y>426</y>
        <width>33</width>
        <height>55</height></rect>
      <color>0</color>
      <data>
        59 426 57 428 57 431 58 432 58 436 59 437 59 438 60 439 60 441
        61 442 61 443 62 444 62 445 63 446 63 447 64 448 64 449 65 450
        65 451 66 452 66 453 67 454 67 455 68 456 68 458 69 459 69 461
        70 462 70 463 71 464 71 466 72 467 72 468 73 469 73 470 74 471
        74 473 75 474 75 475 77 477 77 478 78 479 79 479 80 480 83 480
        84 479 85 479 88 476 88 475 89 474 89 467 88 466 88 464 87 463
        87 461 86 460 86 459 85 458 85 457 84 456 84 453 83 452 83 451
        82 450 82 448 81 447 81 445 80 444 80 443 79 442 79 441 78 440
        78 439 77 438 77 437 76 436 76 435 74 433 73 433 72 432 68 432
        67 431 66 431 64 429 63 429 61 427 60 427</data></_>
    <_ type_id="opencv-sequence">
      <level>0</level>
      <flags>"closed curve"</flags>
      <count>64</count>
      <dt>"2i"</dt>
      <rect><x>359</x>
        <y>420</y>
        <width>37</width>
        <height>51</height></rect>
      <color>0</color>
      <data>
        362 420 359 423 359 427 360 428 360 430 361 431 361 432 362 433
        362 434 363 435 363 436 364 437 364 438 367 441 367 442 368 443
        368 444 369 445 369 446 371 448 371 449 372 450 372 451 374 453
